! Sat, 21 Apr 2018 12:00:03 +0000
! pybdsim.Builder 
! BEAM DEFINITION 

beam,	X0=0.0*m,
	Xp0=0.0, 
	Y0=0.0*m, 
	Yp0=0.0, 
	alfx=-3.204937811e-16, 
	alfy=-3.204937811e-17, 
	betx=84.76021897*m, 
	bety=29.41555278*m, 
	dispx=6.718536241792242*m, 
	dispxp=3.469294231477258e-17, 
	dispy=0.0*m, 
	dispyp=0.0, 
	distrType="gausstwiss", 
	emitx=9.383133846e-09*m, 
	emity=9.383133846e-09*m, 
	energy=100.0*GeV, 
	particle="proton", 
	sigmaE=0.001;