beam, particle="e-",
      energy=1.0*GeV,
      distrType="gausstwiss",
      betx=4.60000*m,
      bety=2.60000*m,
      alfx=-0.3083824,
      alfy= 0.0233215,
      emitx=0.000000025*m,
      emity=0.000000025*m,
      sigmaE=0.0008836,
      sigmaT=0.00000000001,
      dispx=1*m,
      dispy=1*mm,
      dispxp=0,
      dispyp=0;